-----------------------------------------------------------------
CS 302 - Assignment #8

Puzzle: easy puzzle (7)

0
0
0
1
1
1
5
6
6
7
3
2
4
4
9
10
10
8
14
11
11
12
15
15
13
19
19
17
16
16
16
18
18
26
21
21
21
20
23
23
23
24
27
27
27
22
22
22
25
25
34
34
28
28
31
31
29
29
30
32
32
32
33
40
37
45
36
36
39
39
43
43
44
44
41
41
35
35
38
38
42
52
51
51
51
50
50
50
48
48
46
46
47
47
49
56
54
54
54
58
53
62
62
55
61
57
59
60
60
66
64
63
63
65
70
68
67
72
71
73
74
69
75
84
76
82
78
83
83
85
85
77
86
86
81
81
81
79
79
79
80
87
87
88
88
90
92
89
93
91
100
100
96
96
95
95
98
98
94
103
97
97
102
99
105
101
101
104
104
110
110
106
106
107
107
108
109
111
111
115
115
113
113
113
114
114
118
118
112
116
116
119
119
117
120
124
121
121
126
126
126
122
122
123
123
125
125
129
128
134
131
130
133
127
127
137
137
132
132
135
135
136
136
145
140
140
138
138
139
143
142
144
141
141
147
147
146
146
151
149
152
152
152
154
148
148
153
153
153
157
160
160
150
150
158
163
163
156
155
155
155
162
159
159
165
165
161
170
170
170
171
164
168
168
168
167
166
166
166
173
173
173
169
174
174
174
172
179
176
175
178
178
178
187
177
177
181
181
181
180
188
188
188
182
182
184
184
191
191
191
186
183
183
185
185
185
196
196
190
192
193
193
193
189
189
199
199
200
200
201
201
195
195
195
194
194
194
198
198
198
197
203
203
203
210
210
202
206
206
206
207
208
208
209
209
213
213
204
204
204
205
211
211
212
212
214
215
215
215
216
221
217
223
222
219
219
219
224
224
220
218
226
225
227
228
230
230
229
231
235
232
232
239
239
236
236
236
240
240
240
242
242
238
244
234
234
234
243
233
237
237
237
241
241
250
251
251
251
252
249
249
245
245
245
247
247
248
256
256
256
246
257
254
254
254
253
255
255
259
259
270
270
258
258
262
262
261
261
266
260
265
265
265
268
268
269
271
271
264
264
264
263
267
267
275
275
273
273
274
272
272
280
280
281
281
277
277
279
279
276
276
282
282
285
278
286
286
284
284
288
288
283
283
294
294
287
287
289
289
289
291
291
292
293
293
303
290
290
299
298
298
300
300
296
296
296
295
297
297
301
301
302
302
310
309
309
318
305
304
307
308
308
317
317
317
306
311
311
316
316
321
321
328
323
323
329
313
319
319
312
314
314
315
326
327
320
320
322
322
330
331
345
334
334
325
324
324
324
332
332
333
333
339
339
346
346
346
340
337
337
338
338
342
342
343
343
341
341
335
335
336
336
357
357
357
344
344
349
350
350
356
348
348
351
352
353
353
353
347
347
354
355
355
355
358
358
359
360
360
362
362
362
363
364
364
364
365
366
366
361
361
369
368
368
367
367
371
371
370
370
373
373
372
372
374
375
375
376
376
378
378
378
377
377
379
382
382
380
380
383
383
381
381
394
384
386
387
387
387
390
390
385
385
393
393
393
391
391
391
399
399
401
388
388
389
389
389
392
397
400
400
398
398
402
395
395
396
396
403
404
404
404
408
405
405
406
406
417
407
407
415
415
415
411
413
414
416
416
418
418
410
410
419
412
412
409
409
429
430
430
421
428
428
424
424
420
423
426
422
422
425
427
432
432
442
433
433
441
438
438
438
436
436
431
431
434
434
439
435
435
440
437
445
446
446
446
444
444
444
443
448
449
449
453
453
447
451
451
452
454
455
456
457
450
458
458
458
466
467
461
460
460
465
468
464
464
464
459
459
473
463
474
462
462
472
469
470
470
470
475
476
479
471
477
478
483
482
480
481
481
481
487
489
495
486
490
494
494
494
491
491
491
488
485
493
493
493
502
492
500
500
503
506
496
496
496
498
498
499
499
501
497
511
505
504
509
510
512
512
512
513
507
508
508
508
521
515
515
516
527
527
517
517
526
524
514
514
520
523
518
522
525
519
528
528
529
529
535
535
532
533
533
534
531
530
530
543
541
540
536
536
538
538
538
542
537
546
546
545
539
544
554
554
549
548
548
548
555
555
552
547
547
562
562
553
550
551
560
560
557
561
561
556
556
556
564
559
558
563
577
574
575
575
576
576
571
568
568
570
566
566
569
573
565
565
572
578
567
580
584
583
593
593
586
595
595
579
594
594
582
581
585
588
587
587
587
590
601
601
591
598
589
592
597
596
599
603
608
602
607
607
604
604
604
605
605
611
611
606
606
613
613
612
612
610
614
614
616
609
609
609
615
621
622
622
617
618
620
620
624
624
625
619
623
626
626
628
628
628
627
627
629
632
630
633
631
631
631
634
636
637
638
638
638
635
641
645
645
645
642
642
642
639
639
639
646
640
644
647
650
650
643
643
643
648
651
649
654
652
652
664
653
656
656
656
657
655
658
659
659
659
660
660
660
671
661
667
667
668
668
670
670
670
680
682
662
662
662
674
674
675
666
666
665
665
665
676
676
663
679
679
681
669
673
673
673
677
677
678
672
689
688
688
685
685
691
693
687
687
683
683
683
686
686
690
684
694
694
692
697
695
700
700
701
701
699
699
699
702
702
696
698
703
703
708
713
713
704
705
711
711
712
712
706
710
707
714
716
716
718
709
715
715
717
720
719
730
728
729
723
723
723
722
721
732
733
731
731
724
725
726
726
726
735
727
734
737
738
738
736
736
745
745
739
743
744
744
744
741
741
740
746
748
748
747
742
742
750
750
749
749
751
752
752
752
753
761
761
756
758
758
754
760
763
763
757
755
755
755
759
765
765
762
762
764
764
766
775
767
767
768
768
774
772
773
773
773
769
771
771
778
770
770
781
781
777
779
780
780
776
776
782
782
789
786
786
783
783
788
788
785
785
787
784
784
793
793
790
791
800
800
794
794
795
795
796
796
792
797
797
802
799
805
805
798
801
801
809
809
808
811
812
812
810
810
806
806
803
803
803
807
807
804
813
813
816
816
814
814
815
815
823
823
817
817
822
822
824
821
821
819
819
820
820
828
818
818
827
827
829
829
826
826
825
825
830
830
831
831
832
833
833
838
838
835
835
836
836
841
837
837
834
834
843
843
840
842
842
839
839
844
844
845
848
849
853
853
847
846
846
851
851
850
852
852
854
854
859
860
860
856
856
857
855
855
858
858
866
861
870
871
871
871
868
864
864
874
874
865
862
862
867
863
863
869
875
875
873
872
872
872
878
878
877
879
879
882
876
884
881
887
887
887
880
880
885
885
885
888
889
883
883
886
893
891
890
890
892
897
897
897
898
898
894
894
895
895
895
896
899
899
905
905
901
900
900
900
903
903
907
908
908
908
902
902
912
909
909
904
906
906
913
913
913
911
911
910
910
923
923
923
924
917
917
915
915
916
918
919
919
919
914
914
920
920
932
929
928
928
928
925
925
922
922
922
921
931
931
931
936
936
926
926
926
935
935
927
927
933
933
930
930
934
942
940
941
941
939
939
943
937
937
945
938
944
946
949
949
948
963
947
950
951
953
952
952
962
961
961
957
957
966
955
955
955
960
960
956
956
965
959
959
954
968
969
964
964
958
967
967
970
970
972
971
971
979
974
974
978
978
978
975
973
973
976
976
977
977
981
981
980
984
984
983
983
986
986
982
982
985
985
988
987
987
991
990
998
989
989
994
994
1002
997
997
997
992
992
993
993
995
995
995
1003
996
1001
1004
999
1000
1008
1008
1007
1006
1005
1005
1015
1013
1009
1009
1014
1012
1011
1011
1021
1010
1017
1017
1016
1016
1020
1019
1022
1018
1023
1023
1028
1024
1024
1024
1026
1029
1029
1025
1027
1027
1031
1031
1031
1032
1030
1033
1033
1035
1034
1034
1036
1036
1037
1037
1038
1038
1040
1040
1039
1039
1044
1041
1041
1048
1048
1042
1042
1043
1043
1049
1049
1047
1047
1052
1056
1056
1046
1046
1045
1045
1050
1050
1051
1051
1055
1055
1061
1054
1060
1057
1057
1059
1059
1053
1053
1058
1071
1071
1071
1068
1068
1064
1064
1063
1067
1067
1065
1066
1062
1062
1070
1069
1073
1073
1074
1075
1075
1072
1072
1078
1078
1076
1085
1079
1079
1077
1077
1077
1081
1081
1080
1080
1084
1084
1094
1082
1082
1083
1088
1095
1095
1095
1087
1092
1093
1093
1090
1089
1091
1091
1086
1086
1100
1099
1101
1108
1098
1098
1103
1111
1096
1096
1107
1110
1112
1112
1097
1102
1102
1102
1104
1104
1106
1106
1105
1105
1116
1109
1109
1121
1121
1114
1114
1115
1115
1113
1118
1117
1119
1127
1127
1123
1123
1123
1122
1125
1126
1126
1124
1120
1120
1129
1132
1132
1135
1135
1128
1130
1130
1138
1138
1138
1137
1140
1134
1131
1133
1139
1139
1143
1145
1136
1136
1142
1150
1144
1147
1147
1141
1141
1148
1148
1146
1146
1149
1157
1151
1151
1155
1155
1153
1153
1153
1156
1154
1152
1152
1161
1159
1159
1160
1158
1158
1163
1162
1165
1165
1168
1164
1170
1170
1167
1167
1169
1169
1169
1177
1177
1166
1166
1173
1173
1173
1178
1178
1174
1174
1176
1176
1172
1175
1175
1179
1171
1171
1182
1182
1180
1180
1181
1181
1185
1188
1186
1186
1183
1183
1187
1187
1187
1184
1184
1194
1194
1190
1190
1193
1193
1189
1189
1203
1197
1197
1191
1191
1196
1196
1192
1198
1202
1202
1202
1199
1199
1199
1204
1195
1195
1208
1208
1206
1206
1201
1205
1205
1200
1200
1200
1207
1207
1213
1213
1213
1212
1212
1210
1210
1210
1215
1215
1214
1219
1209
1218
1211
1211
1221
1217
1216
1216
1216
1220
1227
1222
1223
1223
1224
1228
1228
1228
1225
1225
1226
1226
1231
1231
1231
1235
1229
1230
1234
1234
1234
1232
1232
1233
1233
1241
1242
1236
1236
1239
1239
1248
1248
1237
1237
1246
1240
1240
1244
1238
1238
1243
1243
1243
1253
1253
1245
1247
1250
1249
1251
1254
1254
1252
1256
1256
1261
1261
1255
1255
1264
1257
1260
1265
1265
1265
1259
1259
1259
1258
1263
1262
1262
1262
1274
1274
1274
1266
1266
1267
1267
1276
1269
1269
1269
1268
1272
1272
1272
1275
1273
1280
1271
1270
1270
1270
1279
1279
1279
1278
1277
1277
1277
1286
1286
1286
1282
1281
1290
1287
1283
1291
1291
1291
1284
1284
1284
1289
1285
1288
1288
1295
1293
1293
1293
1292
1296
1294
1297
1300
1301
1301
1301
1304
1304
1304
1298
1298
1299
1303
1309
1310
1302
1302
1313
1311
1311
1311
1308
1312
1312
1312
1305
1305
1307
1306
1306
1306
1315
1315
1315
1314
1316
1316
1316
1317
1322
1327
1332
1320
1320
1318
1318
1319
1321
1326
1326
1326
1333
1333
1333
1329
1329
1329
1330
1330
1330
1328
1337
1325
1325
1325
1323
1323
1324
1334
1334
1334
1338
1338
1338
1331
1336
1336
1336
1345
1335
1340
1342
1349
1339
1343
1341
1348
1350
1351
1344
1352
1352
1352
1353
1357
1346
1346
1346
1354
1354
1354
1358
1347
1356
1360
1355
1359
1361
1362
1362
1362
1363
1364
1364
1364
1366
1367
1369
1369
1365
1374
1374
1374
1368
1371
1375
1370
1377
1377
1377
1376
1376
1378
1372
1372
1372
1373
1386
1382
1387
1387
1387
1383
1384
1384
1381
1385
1379
1379
1379
1380
1391
1392
1392
1392
1399
1388
1388
1400
1390
1398
1389
1397
1393
1393
1408
1402
1396
1396
1396
1394
1401
1401
1401
1395
1395
1395
1403
1403
1403
1410
1410
1413
1411
1411
1412
1412
1406
1407
1409
1409
1409
1404
1404
1404
1418
1418
1405
1414
1414
1417
1415
1419
1416
1427
1426
1426
1426
1422
1421
1420
1420
1420
1425
1425
1424
1429
1429
1430
1431
1431
1423
1428
1428
1432
1433
1433
1433
1437
1437
1437
1435
1441
1441
1436
1436
1436
1434
1434
1443
1443
1439
1439
1442
1442
1448
1440
1440
1440
1438
1438
1449
1449
1446
1446
1447
1447
1450
1450
1454
1454
1444
1445
1445
1445
1460
1460
1451
1453
1453
1452
1452
1452
1455
1455
1459
1459
1461
1461
1463
1463
1463
1458
1458
1457
1457
1457
1456
1462
1465
1465
1465
1464
1466
1466
1467
1472
1470
1470
1470
1471
1468
1468
1473
1473
1473
1469
1474
1474
1486
1486
1476
1478
1480
1480
1477
1477
1479
1481
1481
1482
1482
1483
1475
1475
1487
1487
1487
1492
1492
1485
1488
1484
1493
1493
1494
1494
1499
1499
1500
1501
1501
1489
1496
1495
1495
1495
1502
1490
1490
1490
1491
1497
1497
1497
1506
1498
1503
1504
1505
1508
1508
1507
1509
1509
1510
1510
1511
1516
1517
1517
1514
1513
1513
1513
1512
1518
1518
1519
1515
1515
1515
1520
1520
1529
1529
1521
1521
1521
1531
1527
1527
1528
1530
1530
1530
1522
1525
1523
1523
1524
1524
1536
1544
1544
1535
1539
1547
1547
1547
1526
1526
1532
1532
1534
1534
1540
1545
1545
1537
1546
1538
1538
1538
1533
1533
1542
1542
1542
1541
1560
Solution in 13 steps.

Initial:
   ____ ____ ____
  |    |    |    |
  |  4 |  1 |  2 |
  |____|____|____|
  |    |    |    |
  |  5 |  8 |  3 |
  |____|____|____|
  |    |    |    |
  |  7 |    |  6 |
  |____|____|____|     move: initial

   ____ ____ ____
  |    |    |    |
  |  4 |  1 |  2 |
  |____|____|____|
  |    |    |    |
  |  5 |    |  3 |
  |____|____|____|
  |    |    |    |
  |  7 |  8 |  6 |
  |____|____|____|     move: up



   ____ ____ ____
  |    |    |    |
  |  4 |    |  2 |
  |____|____|____|
  |    |    |    |
  |  5 |  1 |  3 |
  |____|____|____|
  |    |    |    |
  |  7 |  8 |  6 |
  |____|____|____|     move: up



   ____ ____ ____
  |    |    |    |
  |    |  4 |  2 |
  |____|____|____|
  |    |    |    |
  |  5 |  1 |  3 |
  |____|____|____|
  |    |    |    |
  |  7 |  8 |  6 |
  |____|____|____|     move: left



   ____ ____ ____
  |    |    |    |
  |  5 |  4 |  2 |
  |____|____|____|
  |    |    |    |
  |    |  1 |  3 |
  |____|____|____|
  |    |    |    |
  |  7 |  8 |  6 |
  |____|____|____|     move: down



   ____ ____ ____
  |    |    |    |
  |  5 |  4 |  2 |
  |____|____|____|
  |    |    |    |
  |  1 |    |  3 |
  |____|____|____|
  |    |    |    |
  |  7 |  8 |  6 |
  |____|____|____|     move: right



   ____ ____ ____
  |    |    |    |
  |  5 |    |  2 |
  |____|____|____|
  |    |    |    |
  |  1 |  4 |  3 |
  |____|____|____|
  |    |    |    |
  |  7 |  8 |  6 |
  |____|____|____|     move: up



   ____ ____ ____
  |    |    |    |
  |    |  5 |  2 |
  |____|____|____|
  |    |    |    |
  |  1 |  4 |  3 |
  |____|____|____|
  |    |    |    |
  |  7 |  8 |  6 |
  |____|____|____|     move: left



   ____ ____ ____
  |    |    |    |
  |  1 |  5 |  2 |
  |____|____|____|
  |    |    |    |
  |    |  4 |  3 |
  |____|____|____|
  |    |    |    |
  |  7 |  8 |  6 |
  |____|____|____|     move: down



   ____ ____ ____
  |    |    |    |
  |  1 |  5 |  2 |
  |____|____|____|
  |    |    |    |
  |  4 |    |  3 |
  |____|____|____|
  |    |    |    |
  |  7 |  8 |  6 |
  |____|____|____|     move: right



   ____ ____ ____
  |    |    |    |
  |  1 |    |  2 |
  |____|____|____|
  |    |    |    |
  |  4 |  5 |  3 |
  |____|____|____|
  |    |    |    |
  |  7 |  8 |  6 |
  |____|____|____|     move: up



   ____ ____ ____
  |    |    |    |
  |  1 |  2 |    |
  |____|____|____|
  |    |    |    |
  |  4 |  5 |  3 |
  |____|____|____|
  |    |    |    |
  |  7 |  8 |  6 |
  |____|____|____|     move: right



   ____ ____ ____
  |    |    |    |
  |  1 |  2 |  3 |
  |____|____|____|
  |    |    |    |
  |  4 |  5 |    |
  |____|____|____|
  |    |    |    |
  |  7 |  8 |  6 |
  |____|____|____|     move: down



   ____ ____ ____
  |    |    |    |
  |  1 |  2 |  3 |
  |____|____|____|
  |    |    |    |
  |  4 |  5 |  6 |
  |____|____|____|
  |    |    |    |
  |  7 |  8 |    |
  |____|____|____|     move: down



*****************************************************************
Game Over, thank you for playing.
